2
39
77
53
37
46
43
43
42
111
43
13
19
31
103
510
126
431
88
238
6
52
61
51
51
118
36
7
1180
41
544
163
46
37
111
53
40
43
111
13
39
5
73
12
35
15
44
68
76
393
14
409
1208
493
52
47
50
2207
97
38
72
67
53
127
50
34
30
71
315
139
750
58
31
37
94
9
17
6
41
71
326
635
581
19
550
42
1
49
8
50
19
41
10
21
16
63
63
37
37
77
42
69
38
34
210
16
102
216
99
79
43
63
51
22
59
40
27
52
59
35
37
85
65
53
21
44
30
45
56
51
5
127
466
219
1
41
29
1132
54
37
46
8
51
37
29
59
456
146
68
61
6
204
171
78
36
157
5
50
84
51
66
43
68
185
106
50
93
51
23
1
38
11
227
13
89
52
54
48
31
29
75
54
55
69
48
61
15
45
222
116
68
221
305
1706
98
51
234
33
6
6
161
45
727
55
29
30
7
33
64
47
102
57
251
48
33
19
48
284
57
11
563
27
3
305
59
52
327
20
34
22
45
51
63
463
55
186
42
46
48
97
41
63
344
43
38
17
34
96
70
17
46
49
39
36
68
23
25
59
32
54
46
56
33
38
35
44
1413
51
47
91
16
171
103
241
935
65
587
85
15
2105
534
84
10
37
96
51
30
35
70
59
152
13
9
30
149
75
91
42
6
141
69
934
17
525
27
772
627
289
384
90
32
21
51
72
52
7
20
63
33
17
17
58
184
41
511
87
358
53
9
42
2540
5049
52
14
34
1086
16
40
77
46
70
116
110
36
344
192
324
135
34
763
211
1543
111
572
6
4
583
154
2895
89
60
671
127
1116
702
43
52
30
48
86
34
16
15
139
42
37
99
94
625
97
40
39
31
39
16
111
31
37
59
81
41
44
169
45
45
268
280
1188
60
39
31
46
59
75
37
50
34
43
37
42
79
102
34
1253
15
96
214
2
81
1295
107
53
146
32
107
47
66
29
97
8
60
379
279
75
286
123
29
15
38
68
207
19
73
78
1096
66
4
38
42
53
534
1892
64
37
12
31
5
13
19
35
415
59
71
41
49
54
26
28
55
62
70
52
41
6
79
236
39
38
30
139
43
2297
55
192
66
40
74
154
35
36
98
36
42
45
30
214
37
9
35
87
9
50
40
45
36
49
25
6
62
238
31
70
581
57
146
36
49
75
45
55
57
21
118
34
40
70
43
13
417
10
101
80
44
79
85
19
155
244
287
42
49
1557
58
286
28
65
50
38
15
102
43
56
40
22
41
317
17
28
233
59
18
48
4
46
18
7
193
56
58
80
134
746
94
53
182
34
25
125
547
89
262
33
20
69
42
74
92
58
67
73
21
1
24
40
178
778
48
53
108
26
33
35
621
128
174
1449
225
7
896
85
126
47
112
42
13
48
74
48
41
43
14
111
33
55
5
27
7
30
5
11
289
80
310
74
49
214
47
73
2135
14
55
60
35
80
47
55
20
357
95
554
186
49
41
68
245
18
199
141
10
180
154
27
199
100
65
67
18
93
13
66
67
34
47
41
2
85
621
90
19
88
139
41
379
112
332
102
66
370
41
36
184
39
42
56
34
12
95
65
91
70
64
21
42
333
65
41
26
38
216
91
36
79
18
44
5
8
19
61
51
35
65
43
46
35
69
48
35
29
25
17
71
53
74
42
38
72
39
35
132
230
50
11
19
29
66
94
45
44
1
33
305
30
34
43
11
32
27
10
3
417
9
51
55
58
22
207
26
34
655
140
105
47
37
18
241
818
383
6
68
62
32
27
332
49
41
14
160
6
28
38
35
8
7
67
29
69
77
219
262
71
6
175
160
2
7
3
112
36
55
72
91
25
37
297
47
63
54
49
150
34
80
58
24
41
42
41
31
86
45
75
36
47
39
51
59
52
158
76
70
90
10
4
42
38
661
34
52
197
278
53
32
64
44
30
222
34
122
112
31
102
36
47
17
239
115
772
29
54
43
55
73
177
31
1193
45
97
49
46
35
76
285
123
11
72
26
124
77
95
59
39
40
65
65
7
37
150
72
48
22
38
14
131
428
35
19
29
26
130
88
31
51
42
76
34
104
34
22
21
17
87
345
106
1070
88
16
109
27
43
79
76
