36
14
30
83
117
148
3
112
8
18
107
24
60
34
573
288
170
395
1
151
96
23
67
9
117
251
201
88
31
63
84
20
107
4
14
348
167
53
165
265
37
2
84
85
162
41
152
304
273
144
274
2
239
32
178
125
52
133
28
30
19
3
112
43
158
3
90
369
153
830
256
17
150
18
88
4
130
42
123
72
142
376
18
115
194
70
54
417
19
274
183
227
29
106
110
223
57
160
2
1
160
15
93
18
22
218
44
393
99
28
131
499
186
282
81
22
6
245
11
72
161
161
234
7
150
15
327
187
127
252
484
71
5
13
562
5
56
95
32
126
197
81
384
295
364
20
195
5
338
12
241
33
17
266
367
1
11
113
44
87
165
132
23
83
1
291
367
349
1
334
269
20
62
7
30
343
48
161
49
37
243
1
292
5
162
67
25
126
39
5
177
20
58
23
35
4
96
41
23
99
5
241
1
5
90
1
246
1
4
99
129
386
123
132
34
242
1
214
43
272
42
3
26
231
161
124
186
235
339
99
462
58
229
397
269
32
154
116
101
4
2
205
150
22
142
3
157
182
4
207
84
111
52
45
11
7
267
13
52
278
58
39
207
89
48
192
21
230
82
141
363
108
226
304
3
38
78
51
11
99
134
102
51
41
163
119
29
20
211
4
550
21
205
436
14
48
535
359
148
63
70
185
100
50
254
31
175
2
406
70
61
284
79
12
99
171
11
11
145
124
398
5
716
115
694
13
336
1
358
3
184
5
24
97
24
480
34
46
193
289
165
203
174
148
5
8
23
196
387
28
26
519
11
109
46
357
195
347
9
57
66
178
5
207
254
9
175
241
216
8
18
186
91
202
119
566
138
241
63
255
282
16
68
439
235
4
8
139
1
32
97
5
41
114
2
2
30
277
133
180
50
53
251
134
30
182
17
226
80
31
2
11
225
37
16
117
25
274
1
1
364
49
107
57
310
5
394
6
204
14
118
48
412
361
103
417
1
2
235
210
62
127
2
218
6
109
249
99
2
176
136
375
3
8
159
1
234
5
164
31
16
436
39
257
44
348
22
13
281
137
11
246
5
90
44
56
82
56
21
21
25
184
12
310
245
329
50
600
7
11
279
8
